data_1:	 1	1	0	0	0	0	0
data_2:	 0	0	1	1	0	1	0
data_3:	 0	1	0	1	1	0	0
data_4:	 0	0	1	0	0	1	1
data_5:	 0	1	0	0	0	0	0
data_6:	 0	1	1	1	0	0	0
data_7:	 0	1	1	0	0	0	0
data_8:	 0	0	0	1	1	0	1
data_9:	 0	0	0	0	0	0	0
data_10: 1	0	1	1	1	0	1
data_11: 0	1	1	0	1	0	1
data_12: 0	0	1	1	0	0	0
data_13: 1	0	1	1	0	0	0
data_14: 0	0	1	1	0	0	0
data_15: 1	0	0	0	0	0	1
data_16: 0	1	1	1	1	1	0
data_17: 1	0	0	0	1	0	0
data_18: 1	0	0	0	0	1	0
data_19: 1	0	0	1	0	1	0
data_20: 0	0	1	1	0	1	0
data_21: 1	1	1	0	0	1	0
data_22: 0	1	1	1	1	1	0
data_23: 0	0	1	1	0	1	1
data_24: 1	0	0	1	0	1	0
data_25: 0	0	1	0	0	0	1
data_26: 1	0	1	0	0	0	0
data_27: 1	0	0	0	0	1	0
data_28: 1	0	0	0	1	1	0
data_29: 1	0	0	0	0	0	0
data_30: 0	0	1	1	0	1	0
data_31: 0	1	1	0	0	0	0
data_32: 0	0	0	0	1	1	0
data_33: 0	1	1	0	1	1	0
data_34: 0	1	0	1	0	0	0
data_35: 1	0	0	1	0	0	0
data_36: 0	0	0	1	0	1	0
data_37: 1	1	0	1	0	1	0
data_38: 0	0	0	0	1	0	0
data_39: 0	1	1	1	0	0	0
data_40: 0	0	0	0	1	0	1
data_41: 1	0	1	0	1	0	0
data_42: 1	1	1	1	1	0	0
data_43: 1	1	1	0	1	0	0
data_44: 1	0	1	1	1	1	1
data_45: 0	1	1	0	1	0	1
data_46: 0	0	1	1	1	0	1
data_47: 0	1	1	0	0	1	0
data_48: 0	0	1	0	1	0	1
data_49: 1	0	0	1	0	1	0
data_50: 1	1	1	1	1	1	0
data_51: 0	1	0	1	1	0	0
data_52: 0	1	1	0	1	0	1
data_53: 0	0	0	0	0	1	0
data_54: 0	1	0	0	1	1	0
data_55: 0	0	0	0	1	1	0
data_56: 0	0	1	1	1	1	1
data_57: 0	1	0	0	0	0	0
data_58: 0	0	1	0	1	1	0
data_59: 1	0	1	0	1	0	1
data_60: 0	0	0	1	0	1	0
data_61: 0	1	0	0	1	0	0
data_62: 0	0	1	0	1	1	0
data_63: 1	1	1	0	0	0	0
data_64: 1	0	1	0	0	0	0
data_65: 0	1	0	1	1	1	1
data_66: 0	1	1	1	0	0	0
data_67: 0	1	0	1	0	1	1
data_68: 1	0	1	0	1	0	1
data_69: 1	1	0	0	1	1	0
data_70: 1	0	1	0	1	0	1
data_71: 1	1	0	1	0	0	1
data_72: 1	1	1	0	0	1	0
data_73: 1	0	1	1	1	0	1
data_74: 1	1	0	0	1	0	1
data_75: 1	0	1	0	1	1	0
data_76: 0	0	1	0	1	1	0
data_77: 0	0	1	0	1	1	0
data_78: 1	0	0	1	1	1	0
data_79: 1	0	1	1	1	0	1
data_80: 0	0	0	0	1	1	0
data_81: 0	1	1	0	0	0	0
data_82: 1	1	0	0	1	0	0
data_83: 1	0	0	0	1	1	0
data_84: 0	1	0	1	1	1	1
data_85: 0	1	1	0	1	1	0
data_86: 0	1	0	1	1	0	1
data_87: 1	1	0	1	0	1	0
data_88: 1	1	1	0	0	1	0
data_89: 1	1	0	0	1	0	0
data_90: 1	0	0	0	0	1	0
data_91: 1	0	1	1	0	1	1
data_92: 1	1	1	1	0	1	0
data_93: 0	0	0	0	1	1	0
data_94: 0	0	0	0	1	1	0
data_95: 1	0	0	1	0	0	0
data_96: 1	1	0	1	0	0	1
data_97: 1	1	1	0	0	0	0
data_98: 0	0	0	0	0	1	0
data_99: 0	0	0	0	0	0	0
data_100: 0	1	1	1	0	0	0
data_101: 0	1	0	0	1	0	0
data_102: 1	1	1	0	1	1	0
data_103: 0	1	1	1	0	0	1
data_104: 1	1	0	0	1	1	0
data_105: 0	0	0	0	0	0	0
data_106: 1	1	1	1	1	0	0
data_107: 0	1	0	1	1	0	1
data_108: 0	0	0	0	1	0	0
data_109: 0	1	1	1	1	1	0
data_110: 1	0	0	1	1	0	0
data_111: 0	1	0	0	0	1	0
data_112: 0	1	0	0	0	1	0
data_113: 0	0	0	0	1	1	0
data_114: 1	0	1	0	1	0	1
data_115: 1	0	1	0	1	0	1
data_116: 0	0	0	1	0	0	0
data_117: 0	0	0	1	1	1	0
data_118: 1	1	1	0	0	1	0
data_119: 1	1	0	0	0	0	0
data_120: 1	1	1	1	1	0	0
data_121: 0	0	1	0	1	1	0
data_122: 0	1	0	0	1	0	0
data_123: 0	1	0	1	0	1	1
data_124: 1	1	1	1	1	0	0