data_1:	 1	1	0	0	0	0	0
data_2:	 0	0	1	1	0	1	0
data_3:	 0	1	0	1	1	0	0
data_4:	 0	0	1	0	0	1	1
data_5:	 0	1	0	0	0	0	0
data_6:	 0	1	1	1	0	0	0
data_7:	 0	1	1	0	0	0	0
data_8:	 0	0	0	1	1	0	1
data_9:	 0	0	0	0	0	0	0
data_10: 1	0	1	1	1	0	1
data_11: 0	1	1	0	1	0	1
data_12: 0	0	1	1	0	0	0
data_13: 1	0	1	1	0	0	0
data_14: 0	0	1	1	0	0	0
data_15: 1	0	0	0	0	0	1
data_16: 0	1	1	1	1	1	0
data_17: 1	0	0	0	1	0	0
data_18: 1	0	0	0	0	1	0
data_19: 1	0	0	1	0	1	0
data_20: 0	0	1	1	0	1	0
data_21: 1	1	1	0	0	1	0
data_22: 0	1	1	1	1	1	0
data_23: 0	0	1	1	0	1	1
data_24: 1	0	0	1	0	1	0
data_25: 0	0	1	0	0	0	1
data_26: 1	0	1	0	0	0	0
data_27: 1	0	0	0	0	1	0
data_28: 1	0	0	0	1	1	0
data_29: 1	0	0	0	0	0	0
data_30: 0	0	1	1	0	1	0
data_31: 0	1	1	0	0	0	0
data_32: 0	0	0	0	1	1	0
data_33: 0	1	1	0	1	1	0
data_34: 0	1	0	1	0	0	0
data_35: 1	0	0	1	0	0	0
data_36: 0	0	0	1	0	1	0
data_37: 1	1	0	1	0	1	0
data_38: 0	0	0	0	1	0	0
data_39: 0	1	1	1	0	0	0
data_40: 0	0	0	0	1	0	1
data_41: 1	0	1	0	1	0	0
data_42: 1	1	1	1	1	0	0
data_43: 1	1	1	0	1	0	0
data_44: 1	0	1	1	1	1	1
data_45: 0	1	1	0	1	0	1
data_46: 0	0	1	1	1	0	1
data_47: 0	1	1	0	0	1	0
data_48: 0	0	1	0	1	0	1
data_49: 1	0	0	1	0	1	0
data_50: 1	1	1	1	1	1	0
data_51: 0	1	0	1	1	0	0
data_52: 0	1	1	0	1	0	1
data_53: 0	0	0	0	0	1	0
data_54: 0	1	0	0	1	1	0
data_55: 0	0	0	0	1	1	0
data_56: 0	0	1	1	1	1	1
data_57: 0	1	0	0	0	0	0
data_58: 0	0	1	0	1	1	0
data_59: 1	0	1	0	1	0	1
data_60: 0	0	0	1	0	1	0
data_61: 0	1	0	0	1	0	0
data_62: 0	0	1	0	1	1	0
data_63: 1	1	1	0	0	0	0
data_64: 1	0	1	0	0	0	0
data_65: 0	1	0	1	1	1	1
data_66: 0	1	1	1	0	0	0
data_67: 0	1	0	1	0	1	1
data_68: 1	0	1	0	1	0	1
data_69: 1	1	0	0	1	1	0
data_70: 1	0	1	0	1	0	1
data_71: 1	1	0	1	0	0	1
data_72: 1	1	1	0	0	1	0
data_73: 1	0	1	1	1	0	1
data_74: 1	1	0	0	1	0	1
data_75: 1	0	1	0	1	1	0
data_76: 0	0	1	0	1	1	0
data_77: 0	0	1	0	1	1	0
data_78: 1	0	0	1	1	1	0
data_79: 1	0	1	1	1	0	1
data_80: 0	0	0	0	1	1	0
data_81: 0	1	1	0	0	0	0
data_82: 1	1	0	0	1	0	0
data_83: 1	0	0	0	1	1	0
data_84: 0	1	0	1	1	1	1
data_85: 0	1	1	0	1	1	0
data_86: 0	1	0	1	1	0	1
data_87: 1	1	0	1	0	1	0
data_88: 1	1	1	0	0	1	0
data_89: 1	1	0	0	1	0	0
data_90: 1	0	0	0	0	1	0
data_91: 1	0	1	1	0	1	1
data_92: 1	1	1	1	0	1	0
data_93: 0	0	0	0	1	1	0
data_94: 0	0	0	0	1	1	0
data_95: 1	0	0	1	0	0	0
data_96: 1	1	0	1	0	0	1
data_97: 1	1	1	0	0	0	0
data_98: 0	0	0	0	0	1	0
data_99: 0	0	0	0	0	0	0
data_100: 0	1	1	1	0	0	0
data_101: 0	1	0	0	1	0	0
data_102: 1	1	1	0	1	1	0
data_103: 0	1	1	1	0	0	1
data_104: 1	1	0	0	1	1	0
data_105: 0	0	0	0	0	0	0
data_106: 1	1	1	1	1	0	0
data_107: 0	1	0	1	1	0	1
data_108: 0	0	0	0	1	0	0
data_109: 0	1	1	1	1	1	0
data_110: 1	0	0	1	1	0	0
data_111: 0	1	0	0	0	1	0
data_112: 0	1	0	0	0	1	0
data_113: 0	0	0	0	1	1	0
data_114: 1	0	1	0	1	0	1
data_115: 1	0	1	0	1	0	1
data_116: 0	0	0	1	0	0	0
data_117: 0	0	0	1	1	1	0
data_118: 1	1	1	0	0	1	0
data_119: 1	1	0	0	0	0	0
data_120: 1	1	1	1	1	0	0
data_121: 0	0	1	0	1	1	0
data_122: 0	1	0	0	1	0	0
data_123: 0	1	0	1	0	1	1
data_124: 1	1	1	1	1	0	0
data_125: 1	0	1	1	1	1	0
data_126: 0	1	0	1	0	1	1
data_127: 1	0	0	1	1	0	0
data_128: 0	0	1	0	1	1	0
data_129: 1	0	0	1	1	1	0
data_130: 0	1	0	0	1	1	0
data_131: 1	1	1	1	0	0	0
data_132: 0	1	1	1	1	0	1
data_133: 0	0	0	0	1	1	1
data_134: 1	1	0	0	1	1	0
data_135: 1	0	1	1	0	1	0
data_136: 0	1	0	1	1	1	1
data_137: 0	1	1	0	1	1	0
data_138: 1	1	0	1	1	1	0
data_139: 0	1	0	0	1	1	0
data_140: 0	0	1	1	1	1	1
data_141: 1	1	0	1	0	1	0
data_142: 1	1	1	1	1	0	0
data_143: 0	1	0	1	1	1	1
data_144: 1	0	1	1	1	0	1
data_145: 1	0	0	0	0	1	1
data_146: 1	1	1	1	0	0	1
data_147: 1	0	0	1	1	1	0
data_148: 1	0	0	1	1	0	0
data_149: 1	0	1	0	1	1	0
data_150: 1	1	0	1	1	1	0
data_151: 0	1	0	1	0	0	0
data_152: 1	0	0	1	1	0	0
data_153: 0	1	1	0	1	1	1
data_154: 0	0	0	1	1	0	1
data_155: 1	1	1	1	1	0	1
data_156: 0	0	1	0	0	1	0
data_157: 1	1	1	0	0	1	1
data_158: 0	0	0	0	1	1	0
data_159: 1	1	0	0	0	1	0
data_160: 1	1	1	1	0	0	0
data_161: 0	1	1	0	1	1	0
data_162: 0	0	1	1	0	1	0
data_163: 1	0	0	1	1	0	0
data_164: 0	0	0	0	0	0	1
data_165: 1	1	0	0	0	1	0
data_166: 1	0	1	0	0	0	0
data_167: 0	0	0	0	0	1	0
data_168: 0	1	0	0	0	0	0
data_169: 0	1	1	0	1	0	1
data_170: 0	0	1	0	1	1	0
data_171: 0	0	0	0	0	1	0
data_172: 0	1	0	0	1	1	0
data_173: 0	1	1	1	0	1	1
data_174: 1	1	0	0	0	0	0
data_175: 1	0	1	0	1	0	1
data_176: 1	1	0	0	0	1	0
data_177: 1	0	0	1	0	0	0
data_178: 0	1	0	0	0	0	0
data_179: 1	1	1	0	1	0	1
data_180: 1	0	0	1	0	1	1
data_181: 1	0	1	1	1	1	0
data_182: 0	1	0	1	1	0	1
data_183: 0	0	0	1	1	0	1
data_184: 0	0	0	1	0	0	0
data_185: 1	1	0	1	1	0	0
data_186: 1	1	1	1	1	1	0
data_187: 1	0	1	1	1	0	1
data_188: 1	1	0	1	1	0	0
data_189: 1	1	0	0	0	1	0
data_190: 0	0	1	0	1	0	0
data_191: 1	1	0	0	1	0	0
data_192: 0	0	0	0	1	0	0
data_193: 1	0	0	1	1	0	0
data_194: 1	0	0	0	0	1	0
data_195: 0	0	1	1	1	0	1
data_196: 1	1	1	1	0	1	1
data_197: 1	1	1	0	1	1	0
data_198: 1	1	1	1	1	1	0
data_199: 1	1	1	0	0	0	0
data_200: 0	0	0	1	0	0	0
data_201: 1	1	1	0	0	1	0
data_202: 1	1	1	1	1	1	0
data_203: 1	0	0	1	0	1	0
data_204: 1	0	1	1	1	0	1
data_205: 1	1	0	0	1	1	0
data_206: 0	1	0	1	0	1	0
data_207: 1	0	1	1	0	0	0
data_208: 1	1	1	1	1	1	0
data_209: 0	1	0	0	1	0	0
data_210: 0	0	0	1	0	1	0
data_211: 0	1	0	0	1	1	0
data_212: 0	1	0	0	1	0	0
data_213: 0	1	0	0	1	0	0
data_214: 0	0	1	1	1	1	1
data_215: 0	1	0	1	0	0	0
data_216: 0	1	1	0	0	1	0
data_217: 0	1	0	1	0	0	0
data_218: 0	1	0	1	0	1	1
data_219: 1	1	1	0	1	1	0
data_220: 0	0	1	0	0	0	0
data_221: 0	1	1	0	1	1	1
data_222: 1	1	0	0	0	1	0
data_223: 1	1	1	0	0	0	0
data_224: 0	1	1	0	1	0	1
data_225: 0	1	1	1	1	1	0
data_226: 1	0	0	0	1	0	0
data_227: 0	0	1	0	1	1	0
data_228: 1	0	1	1	1	0	1
data_229: 0	0	0	0	1	1	0
data_230: 1	1	0	1	1	1	0
data_231: 0	0	0	0	1	1	0
data_232: 0	0	0	1	1	0	1
data_233: 0	0	1	0	1	1	0
data_234: 0	0	1	1	1	1	1
data_235: 0	0	0	1	0	0	0
data_236: 0	0	1	1	1	1	1
data_237: 0	0	0	1	1	1	0
data_238: 1	0	0	1	0	1	1
data_239: 1	0	1	1	1	1	0
data_240: 1	1	1	0	0	1	0
data_241: 1	1	1	0	0	1	0
data_242: 0	1	1	0	0	0	0
data_243: 1	1	0	0	1	0	0
data_244: 0	0	1	0	0	1	0
data_245: 0	1	1	1	1	1	0
data_246: 1	1	0	1	0	0	0
data_247: 1	0	0	1	1	0	0
data_248: 0	1	1	1	1	0	1
data_249: 1	0	0	1	1	1	0
data_250: 0	1	0	0	0	1	1
data_251: 0	1	1	0	0	1	1
data_252: 0	1	1	0	0	1	0
data_253: 0	1	1	0	0	1	0
data_254: 1	0	0	0	0	0	0
data_255: 1	0	1	1	0	1	0
data_256: 0	1	1	0	0	0	0
data_257: 1	1	1	0	0	0	0
data_258: 0	0	0	1	0	0	0
data_259: 1	0	0	0	1	1	0
data_260: 0	1	0	1	0	1	1
data_261: 0	1	0	0	0	0	0
data_262: 1	1	1	0	1	0	1
data_263: 0	1	0	0	1	1	0
data_264: 1	1	0	0	1	0	0
data_265: 1	1	0	0	1	1	0
data_266: 0	0	1	1	0	0	0
data_267: 1	0	1	1	0	0	0
data_268: 0	0	0	1	1	0	1
data_269: 1	0	1	1	0	0	0
data_270: 0	1	1	0	0	0	0
data_271: 1	0	0	0	1	1	0
data_272: 1	1	0	0	0	0	0
data_273: 0	1	1	1	1	1	0
data_274: 0	1	0	1	1	0	1
data_275: 1	0	0	1	0	0	0
data_276: 0	1	0	1	1	1	1
data_277: 0	0	1	0	1	1	0
data_278: 1	1	0	0	1	0	0
data_279: 1	0	0	1	0	0	0
data_280: 0	0	0	1	1	0	1
data_281: 1	0	1	0	1	1	0
data_282: 0	1	1	1	0	0	0
data_283: 0	1	0	0	1	1	0
data_284: 1	0	0	0	0	0	0
data_285: 1	1	1	1	0	0	0
data_286: 0	1	1	1	0	0	1
data_287: 0	0	1	0	1	0	1
data_288: 0	1	1	1	0	1	1
data_289: 0	0	1	1	0	0	0
data_290: 0	0	1	1	0	0	1
data_291: 0	1	1	1	1	0	1
data_292: 0	0	1	0	1	1	0
data_293: 0	0	1	1	0	0	0
data_294: 0	0	1	0	0	0	1
data_295: 1	1	1	0	1	0	1
data_296: 1	1	0	0	1	0	0
data_297: 0	1	1	0	1	1	0
data_298: 0	1	1	1	0	1	1
data_299: 1	0	1	1	0	1	0
data_300: 1	1	1	0	1	0	1
data_301: 1	0	1	0	1	0	1
data_302: 0	1	1	0	1	1	0
data_303: 0	1	0	1	0	1	1
data_304: 1	0	1	0	0	1	0
data_305: 0	1	1	1	1	0	1
data_306: 0	0	1	0	1	0	1
data_307: 1	0	1	1	0	0	0
data_308: 1	0	0	1	0	1	0
data_309: 1	1	0	0	1	0	1
data_310: 0	0	1	1	1	0	1
data_311: 1	0	1	1	0	0	0
data_312: 0	0	1	1	0	0	0
data_313: 1	1	1	1	1	0	0
data_314: 0	1	1	0	1	1	0
data_315: 1	1	0	0	0	1	0
data_316: 0	0	0	1	1	1	0
data_317: 0	0	0	0	1	1	0
data_318: 0	1	1	0	0	0	0
data_319: 1	1	0	0	1	0	0
data_320: 1	0	0	1	0	1	0
data_321: 1	0	1	0	0	1	0
data_322: 0	0	0	0	1	1	0
data_323: 0	0	1	0	1	0	1
data_324: 1	0	1	1	1	0	1
data_325: 0	1	1	1	0	1	1
data_326: 1	0	1	1	1	0	1
data_327: 1	1	1	1	0	0	0
data_328: 0	0	0	1	1	1	0
data_329: 1	0	1	1	0	0	0
data_330: 1	1	0	1	0	1	0
data_331: 1	0	1	1	1	0	1
data_332: 1	1	0	0	0	1	0
data_333: 1	0	1	0	0	0	0
data_334: 1	0	1	0	0	0	0
data_335: 0	0	1	0	0	1	0
data_336: 0	0	0	0	1	0	0
data_337: 1	0	1	0	0	1	1
data_338: 1	1	0	1	1	1	0
data_339: 0	1	1	0	0	1	0
data_340: 1	0	1	0	1	1	0
data_341: 1	1	0	1	0	0	0
data_342: 0	0	1	1	1	1	1
data_343: 0	1	1	0	1	1	0
data_344: 1	1	0	0	1	1	0
data_345: 1	0	0	0	1	1	1
data_346: 0	1	0	1	0	0	1
data_347: 0	1	0	1	0	0	0
data_348: 0	1	0	1	1	0	1
data_349: 1	0	0	0	0	0	0
data_350: 1	1	1	1	1	1	0
data_351: 1	1	1	0	0	0	0
data_352: 0	1	1	0	1	1	0
data_353: 0	1	0	1	1	1	1
data_354: 0	1	1	1	1	1	0
data_355: 0	1	1	0	0	0	0
data_356: 1	0	0	1	0	0	0
data_357: 1	0	1	1	1	1	1
data_358: 1	1	0	0	0	0	0
data_359: 0	0	0	1	0	1	1
data_360: 0	1	1	1	1	1	0
data_361: 1	1	1	0	0	0	0
data_362: 0	0	1	0	1	0	1
data_363: 1	1	0	0	0	0	0
data_364: 1	0	1	1	1	1	0
data_365: 0	1	0	0	0	1	0
data_366: 1	0	0	1	0	0	0
data_367: 1	1	0	1	1	0	0
data_368: 1	0	0	0	1	0	1
data_369: 1	1	0	1	0	1	0
data_370: 1	0	1	0	1	1	0
data_371: 1	1	0	0	1	0	1
data_372: 0	1	1	0	0	1	0
data_373: 0	0	1	1	1	0	1
data_374: 1	1	0	0	0	0	0
data_375: 0	0	0	0	1	1	0
data_376: 0	0	0	0	1	1	0
data_377: 1	0	0	1	0	0	0
data_378: 0	0	1	0	0	0	0
data_379: 1	0	0	0	1	1	0
data_380: 1	1	1	0	0	0	0
data_381: 0	0	1	1	0	1	0
data_382: 0	1	0	0	1	1	0
data_383: 1	0	0	1	1	0	0
data_384: 0	1	0	1	1	0	1
data_385: 1	0	1	1	1	1	0
data_386: 0	0	1	1	1	1	1
data_387: 0	1	1	1	0	0	0
data_388: 1	1	1	1	1	1	0
data_389: 1	0	1	0	0	1	0
data_390: 0	0	1	1	1	0	1
data_391: 0	0	1	1	0	1	0
data_392: 0	0	0	0	0	1	0
data_393: 0	1	1	0	1	0	0
data_394: 1	1	1	0	0	0	0
data_395: 0	1	0	1	0	0	0
data_396: 1	1	0	0	0	0	0
data_397: 0	0	0	1	1	0	1
data_398: 1	1	0	1	0	0	0
data_399: 1	1	1	1	0	1	0
data_400: 0	0	0	1	0	1	0
data_401: 0	0	1	1	0	0	0
data_402: 1	0	0	0	0	0	0
data_403: 1	0	1	1	1	0	1
data_404: 0	1	0	1	1	1	0
data_405: 0	1	1	1	1	1	0
data_406: 0	1	0	1	1	0	1
data_407: 1	0	0	0	0	0	0
data_408: 1	1	1	0	0	0	0
data_409: 1	0	1	0	1	0	0
data_410: 0	0	1	1	1	0	1
data_411: 1	1	1	1	1	1	1
data_412: 1	0	0	1	1	1	0
data_413: 1	1	0	1	0	0	1
data_414: 0	0	1	0	1	1	0
data_415: 1	0	1	1	0	1	0
data_416: 0	0	1	0	1	0	1
data_417: 1	1	1	1	1	1	0
data_418: 1	0	1	1	1	1	0
data_419: 0	1	1	0	0	1	0
data_420: 1	0	0	0	0	1	0
data_421: 1	1	1	1	0	1	1
data_422: 0	0	0	1	0	1	0
data_423: 0	1	0	1	1	1	0
data_424: 1	1	1	0	0	1	0
data_425: 1	0	0	0	0	0	0
data_426: 1	1	0	0	0	1	0
data_427: 0	0	0	1	0	1	0
data_428: 1	0	0	1	0	1	0
data_429: 1	1	1	1	1	0	0
data_430: 0	1	0	0	1	0	0
data_431: 1	1	1	1	0	1	0
data_432: 1	1	0	0	0	0	0
data_433: 1	1	0	0	0	1	0
data_434: 0	1	0	0	0	1	0
data_435: 1	1	1	1	0	0	0
data_436: 1	1	1	1	1	1	0
data_437: 1	0	0	0	1	1	0
data_438: 0	1	1	1	0	0	0
data_439: 1	1	1	1	1	1	0
data_440: 0	0	0	0	0	0	0
data_441: 1	1	1	1	0	0	0
data_442: 1	0	0	0	0	0	0
data_443: 1	0	1	1	1	0	1
data_444: 1	1	0	1	1	1	0
data_445: 0	0	1	0	0	0	0
data_446: 0	0	0	1	0	0	0
data_447: 1	0	0	0	0	1	0
data_448: 0	0	0	0	0	1	1
data_449: 0	0	0	1	1	1	0
data_450: 0	1	1	0	0	1	0
data_451: 0	0	1	0	0	0	0
data_452: 0	1	0	0	0	0	0
data_453: 0	1	0	1	1	1	1
data_454: 1	0	1	0	1	1	0
data_455: 1	1	1	1	1	0	0
data_456: 1	0	1	0	1	1	0
data_457: 1	0	0	1	0	1	0
data_458: 0	0	0	1	1	0	0
data_459: 0	0	1	0	0	1	1
data_460: 0	0	1	1	1	0	1
data_461: 1	1	0	0	1	1	0
data_462: 1	0	0	1	1	1	0
data_463: 1	1	1	1	1	0	0
data_464: 0	1	1	1	1	0	1
data_465: 0	0	1	0	0	0	0
data_466: 1	0	0	1	1	0	1
data_467: 1	1	0	0	0	0	0
data_468: 0	0	0	1	0	1	0
data_469: 1	0	0	1	1	1	1
data_470: 1	1	0	1	1	0	0
data_471: 0	0	0	1	1	1	0
data_472: 0	0	0	1	0	0	0
data_473: 0	0	1	0	1	0	1
data_474: 1	1	1	0	0	0	0
data_475: 1	0	1	1	0	0	0
data_476: 1	1	1	1	0	0	0
data_477: 0	1	1	1	0	0	0
data_478: 0	1	0	0	0	0	0
data_479: 1	0	1	0	1	1	0
data_480: 0	0	0	1	1	1	0
data_481: 1	0	1	1	1	0	1
data_482: 1	0	0	1	0	0	0
data_483: 0	0	1	1	0	0	0
data_484: 0	0	0	0	1	0	0
data_485: 1	0	0	0	0	1	0
data_486: 1	0	0	0	1	1	0
data_487: 0	1	0	0	0	1	0
data_488: 0	1	0	1	0	0	0
data_489: 1	0	1	0	0	1	0
data_490: 0	1	1	0	1	0	1
data_491: 0	1	1	1	1	1	0
data_492: 0	1	0	1	1	1	1
data_493: 1	1	1	1	0	0	0
data_494: 1	1	1	0	0	0	1
data_495: 1	1	0	0	0	1	0
data_496: 1	1	0	1	1	0	1
data_497: 0	1	1	0	1	0	1
data_498: 1	1	0	0	1	0	0
data_499: 0	0	0	0	0	1	0
data_500: 0	0	1	1	1	0	1
data_501: 0	1	1	1	0	0	0
data_502: 0	1	0	1	1	0	1
data_503: 1	1	0	0	1	1	0
data_504: 0	0	0	1	1	0	1
data_505: 1	1	0	0	0	0	0
data_506: 0	0	0	1	0	1	0
data_507: 0	0	0	0	1	1	0
data_508: 0	0	0	0	1	0	0
data_509: 1	1	0	1	1	1	0
data_510: 1	1	1	0	0	1	0
data_511: 1	1	1	0	0	0	0
data_512: 0	0	0	1	1	1	0
data_513: 1	1	0	1	0	0	0
data_514: 0	1	1	0	0	1	0
data_515: 0	0	1	1	0	0	0
data_516: 0	1	0	1	1	0	1
data_517: 1	1	0	1	0	0	0
data_518: 0	0	0	1	0	1	0
data_519: 0	1	1	0	1	1	0
data_520: 0	0	1	0	1	0	1
data_521: 0	1	0	1	0	1	1
data_522: 0	0	1	0	0	0	0
data_523: 1	0	0	1	0	1	0
data_524: 1	1	0	0	0	1	0
data_525: 1	0	0	0	0	0	0
data_526: 0	1	1	0	0	1	0
data_527: 1	1	0	0	1	1	0
data_528: 0	1	1	1	1	1	0
data_529: 1	1	1	0	0	1	0
data_530: 1	1	1	1	0	1	1
data_531: 0	1	0	0	1	1	0
data_532: 1	0	1	1	1	1	1
data_533: 1	1	1	1	1	0	0
data_534: 0	0	0	1	0	1	0
data_535: 1	0	1	0	0	0	0
data_536: 0	1	1	1	1	0	0
data_537: 0	0	0	0	1	1	0
data_538: 0	1	1	0	1	0	1
data_539: 1	0	1	0	1	0	1
data_540: 0	0	0	1	1	1	0
data_541: 1	0	0	0	0	1	1
data_542: 0	0	1	0	0	0	1
data_543: 0	1	0	1	1	1	1
data_544: 1	1	0	0	0	1	0
data_545: 0	0	0	1	1	0	1
data_546: 1	1	1	1	0	0	1
data_547: 0	1	1	0	1	0	1
data_548: 0	1	0	0	0	1	0
data_549: 1	0	1	0	1	1	0
data_550: 1	0	1	1	1	1	1
data_551: 0	0	1	0	1	0	1
data_552: 0	0	0	1	0	0	0
data_553: 1	1	1	0	0	1	0
data_554: 0	0	1	1	0	1	0
data_555: 1	0	1	1	1	0	1
data_556: 0	1	1	1	0	1	1
data_557: 1	1	0	0	0	1	1
data_558: 0	0	0	1	0	1	0
data_559: 0	1	0	1	1	0	0
data_560: 1	1	0	0	1	1	0
data_561: 1	1	1	1	0	1	0
data_562: 1	1	1	0	0	0	0
data_563: 1	1	1	0	0	0	1
data_564: 0	0	1	1	0	1	0
data_565: 0	0	1	1	1	1	1
data_566: 1	1	0	1	1	1	0
data_567: 0	1	1	1	0	0	0
data_568: 0	1	0	1	1	0	1
data_569: 1	0	0	1	0	1	0
data_570: 0	0	0	0	1	0	0
data_571: 1	1	1	0	0	1	0
data_572: 0	1	1	0	0	0	0
data_573: 1	1	0	1	1	0	0
data_574: 1	1	0	1	1	1	0
data_575: 0	1	0	1	1	1	1
data_576: 0	1	1	0	1	0	1
data_577: 0	1	1	1	0	0	0
data_578: 1	0	1	0	1	1	0
data_579: 0	0	0	0	0	0	0
data_580: 0	0	0	1	1	1	0
data_581: 1	1	0	0	1	0	0
data_582: 1	1	1	1	1	0	0
data_583: 0	0	1	1	0	1	0
data_584: 0	0	1	0	1	0	1
data_585: 1	0	1	1	0	0	0
data_586: 0	0	0	1	1	0	1
data_587: 0	1	0	0	0	1	1
data_588: 0	0	0	0	1	1	0
data_589: 1	0	1	1	1	1	0
data_590: 0	1	0	0	1	1	1
data_591: 1	1	0	1	0	1	0
data_592: 0	0	0	0	0	1	0
data_593: 1	0	1	0	0	1	0
data_594: 0	0	1	0	0	1	0
data_595: 0	1	1	1	0	1	1
data_596: 0	0	0	0	0	1	0
data_597: 1	1	0	1	1	1	0
data_598: 0	1	0	1	1	0	1
data_599: 1	0	1	0	0	0	0
data_600: 0	0	0	1	0	1	1
data_601: 0	1	1	0	1	0	1
data_602: 1	0	1	1	0	0	0
data_603: 1	1	0	1	1	1	0
data_604: 1	1	0	0	0	0	0
data_605: 1	0	1	1	0	0	0
data_606: 0	1	1	1	0	0	0
data_607: 0	0	1	1	1	0	1
data_608: 0	1	0	0	1	1	0
data_609: 1	1	1	0	1	0	1
data_610: 0	0	1	0	0	0	0
data_611: 0	0	0	1	1	0	1
data_612: 1	1	1	1	0	0	0
data_613: 0	0	1	1	0	1	0
data_614: 1	0	0	0	0	1	0
data_615: 1	0	0	1	0	0	0
data_616: 1	0	0	1	1	1	0
data_617: 1	0	0	0	0	0	0
data_618: 0	0	0	0	1	0	0
data_619: 0	0	1	0	1	0	1
data_620: 0	1	1	1	0	1	1
data_621: 1	0	1	0	1	1	0
data_622: 0	1	0	1	1	0	1
data_623: 1	1	1	1	1	0	0
data_624: 0	0	1	1	1	0	1
data_625: 0	0	0	1	0	0	0
data_626: 1	1	0	1	0	0	0
data_627: 0	1	0	1	0	1	0
data_628: 0	0	0	0	1	1	0
data_629: 1	0	1	0	1	0	1
data_630: 1	0	0	1	0	0	0
data_631: 0	0	1	0	0	0	0
data_632: 0	1	1	1	0	1	1
data_633: 0	0	1	1	1	1	1
data_634: 0	1	0	1	1	0	1
data_635: 0	0	0	0	0	1	0
data_636: 0	0	0	1	0	1	0
data_637: 1	1	1	0	0	1	0
data_638: 1	0	0	0	1	0	0
data_639: 1	0	0	0	0	0	0
data_640: 0	1	1	1	1	0	1
data_641: 1	0	1	0	1	0	1
data_642: 0	1	0	1	0	0	0
data_643: 1	0	0	0	0	0	0
data_644: 0	0	0	0	0	0	0
data_645: 0	0	0	0	1	0	0
data_646: 0	0	0	1	0	0	1
data_647: 1	1	0	1	0	1	0
data_648: 0	1	0	0	1	0	0
data_649: 0	0	0	1	0	0	0
data_650: 1	1	1	0	0	1	0
data_651: 0	1	1	0	1	0	1
data_652: 0	0	1	0	0	1	0
data_653: 1	0	0	0	1	1	0
data_654: 1	0	0	1	1	0	0
data_655: 0	1	0	0	1	1	1
data_656: 0	1	0	0	1	1	0
data_657: 1	0	1	1	0	1	0
data_658: 0	0	1	0	0	1	0
data_659: 1	0	1	0	1	0	1
data_660: 0	0	0	1	1	1	0
data_661: 1	0	1	0	0	0	0
data_662: 0	1	1	0	1	1	0
data_663: 1	1	0	1	1	0	0
data_664: 1	1	1	1	1	1	0
data_665: 1	0	1	1	0	1	0
data_666: 0	0	0	1	0	0	0
data_667: 1	0	1	0	1	0	1
data_668: 1	1	0	1	1	1	1
data_669: 0	1	0	1	0	1	1
data_670: 1	0	0	0	1	0	1
data_671: 1	1	1	0	1	1	0
data_672: 0	0	0	0	0	0	0
data_673: 1	1	1	1	0	0	1
data_674: 1	1	1	0	0	1	0
data_675: 0	1	1	1	0	0	0
data_676: 1	1	0	1	0	0	0
data_677: 1	0	1	0	0	1	1
data_678: 0	1	0	0	0	0	0
data_679: 1	1	0	1	0	0	1
data_680: 0	0	0	1	0	1	0
data_681: 0	1	0	1	1	0	1
data_682: 1	0	0	1	1	1	0
data_683: 0	0	0	0	1	0	0
data_684: 1	1	1	1	0	0	0
data_685: 0	1	1	1	0	0	1
data_686: 0	1	1	0	0	0	0
data_687: 0	1	1	1	1	1	0
data_688: 0	0	1	1	1	0	1
data_689: 1	0	1	0	1	1	0
data_690: 0	0	0	0	1	0	0
data_691: 0	0	1	1	1	0	1
data_692: 1	1	0	0	0	0	0
data_693: 0	0	1	1	0	0	0
data_694: 1	0	1	1	0	0	0
data_695: 1	0	0	1	0	0	0
data_696: 1	0	1	0	0	1	0
data_697: 0	1	1	0	0	0	0
data_698: 1	1	0	1	1	1	0
data_699: 0	1	1	1	1	1	0
data_700: 1	1	1	0	1	0	1
data_701: 1	1	0	0	0	0	0
data_702: 0	0	1	0	0	0	0
data_703: 1	0	0	0	1	0	0
data_704: 1	1	1	1	0	0	1
data_705: 0	0	0	0	0	1	0
data_706: 1	0	1	1	0	0	0
data_707: 0	1	0	1	0	1	1
data_708: 1	1	1	1	0	1	1
data_709: 1	0	1	1	1	1	0
data_710: 1	1	1	0	0	0	0
data_711: 1	0	0	1	1	1	0
data_712: 1	0	0	0	0	0	0
data_713: 0	1	0	0	0	0	0
data_714: 0	0	0	1	0	1	0
data_715: 0	1	0	0	0	0	0
data_716: 1	0	1	0	0	0	0
data_717: 1	0	1	0	0	1	0
data_718: 0	1	1	1	0	0	0
data_719: 1	0	0	1	0	0	0
data_720: 1	1	1	1	1	1	0
data_721: 1	0	1	1	0	0	0
data_722: 0	1	0	1	1	0	1
data_723: 1	1	0	1	1	0	0
data_724: 0	0	0	1	1	0	0
data_725: 0	1	0	0	1	0	0
data_726: 1	0	1	1	0	1	1
data_727: 0	1	0	0	0	1	0
data_728: 1	1	1	0	1	0	1
data_729: 1	0	0	0	1	0	0
data_730: 1	0	1	1	0	1	0
data_731: 1	1	1	0	0	0	0
data_732: 0	0	1	0	1	0	1
data_733: 1	1	0	1	1	0	0
data_734: 0	1	1	0	1	0	1
data_735: 1	1	0	1	1	1	0
data_736: 0	1	0	0	1	0	0
data_737: 1	1	0	1	1	1	0
data_738: 0	0	1	1	1	1	1
data_739: 1	1	0	0	0	1	0
data_740: 1	0	0	0	0	1	0
data_741: 0	0	1	0	1	1	0
data_742: 1	0	1	1	1	1	0
data_743: 1	0	1	0	0	0	0
data_744: 1	1	0	1	0	1	0
data_745: 1	1	1	1	0	0	0
data_746: 0	0	1	1	1	1	1
data_747: 1	0	0	0	0	1	0
data_748: 1	1	1	1	0	0	0
data_749: 0	0	0	1	1	0	1
data_750: 0	1	1	1	0	0	0
data_751: 1	0	1	1	1	0	1
data_752: 1	0	0	0	1	0	0
data_753: 1	1	1	0	0	0	0
data_754: 0	0	0	0	1	0	0
data_755: 0	0	0	1	0	1	0
data_756: 1	0	0	0	1	1	0
data_757: 1	0	0	0	0	0	0
data_758: 0	0	0	0	0	0	0
data_759: 1	1	1	1	1	0	0
data_760: 1	1	0	1	1	1	0
data_761: 0	1	0	0	1	1	0
data_762: 0	1	0	1	1	0	1
data_763: 1	0	1	1	0	1	0
data_764: 0	1	0	1	0	0	0
data_765: 1	0	0	1	0	1	1
data_766: 0	1	1	1	1	0	1
data_767: 0	0	0	1	1	0	1
data_768: 0	0	1	0	0	1	0
data_769: 0	0	1	1	1	1	1
data_770: 0	0	1	0	1	1	0
data_771: 0	1	0	0	1	0	0
data_772: 0	1	0	0	0	1	0
data_773: 1	1	0	1	0	1	1
data_774: 0	0	1	1	0	0	0
data_775: 1	0	0	1	0	0	0
data_776: 0	1	1	1	1	0	1
data_777: 0	0	0	1	0	1	1
data_778: 0	0	0	0	1	0	1
data_779: 0	1	1	1	1	1	0
data_780: 1	0	1	1	0	0	0
data_781: 1	1	0	1	1	1	0
data_782: 1	1	1	1	1	1	0
data_783: 0	0	1	1	0	0	0
data_784: 0	0	1	1	1	1	1
data_785: 0	0	1	1	0	0	0
data_786: 1	0	1	1	1	0	1
data_787: 0	1	0	1	1	0	1
data_788: 0	0	0	1	0	0	0
data_789: 0	1	1	0	1	1	0
data_790: 1	1	1	1	0	0	0
data_791: 1	1	0	1	0	0	0
data_792: 0	1	0	0	0	0	0
data_793: 1	0	0	1	1	0	0
data_794: 1	0	0	0	1	1	0
data_795: 0	0	1	1	0	1	0
data_796: 1	0	0	0	0	1	0
data_797: 1	0	0	1	0	0	0
data_798: 0	0	0	1	1	0	1
data_799: 0	1	1	1	0	1	1
data_800: 1	1	0	0	1	0	0
