training....
Number of classes 10
learntParameters(one per class):  [array([[-0.66161011],
       [-0.29969164],
       [-0.26983548],
       [-0.31093054],
       [ 0.0238017],
       [-0.3368049],
       [-0.014682137],
       [-0.32497707],
       [-0.22479375]], dtype=float128), array([[-0.33858768],
       [-0.27015382],
       [-0.2696265],
       [-0.10796035],
       [-0.15939789],
       [-0.17139775],
       [-0.019655978],
       [-0.18048264],
       [ 0.037457237]], dtype=float128), array([[-0.81921593],
       [-0.45560482],
       [-0.41712283],
       [-0.51569058],
       [-0.24579471],
       [-0.40928867],
       [-0.011634331],
       [-0.39614247],
       [-0.22982172]], dtype=float128), array([[-1.0780987],
       [-0.45616605],
       [-0.46087541],
       [-0.56935259],
       [-0.26505489],
       [-0.54106643],
       [-0.0097895147],
       [-0.5303029],
       [-0.29554297]], dtype=float128), array([[-1.0626049],
       [-0.45523819],
       [-0.48720413],
       [-0.55216267],
       [-0.26476283],
       [-0.53338479],
       [-0.0098559073],
       [-0.5219294],
       [-0.30128864]], dtype=float128), array([[-1.1364283],
       [-0.55457474],
       [-0.55711892],
       [-0.56625744],
       [-0.29639736],
       [-0.56973471],
       [ 0.044981941],
       [-0.5612718],
       [-0.31521338]], dtype=float128), array([[-0.29705702],
       [-0.19410716],
       [-0.21837198],
       [-0.064931078],
       [-0.17309447],
       [-0.15148642],
       [-0.016696472],
       [-0.15128733],
       [-0.13073704]], dtype=float128), array([[-1.1116727],
       [-0.50406485],
       [-0.50499018],
       [-0.55568953],
       [-0.28285352],
       [-0.5575799],
       [-0.0094547049],
       [-0.55685285],
       [-0.31268692]], dtype=float128), array([[-1.1292387],
       [-0.54877717],
       [-0.54614034],
       [-0.56244371],
       [-0.29994702],
       [-0.56619263],
       [-0.0092353222],
       [-0.55537245],
       [-0.31325033]], dtype=float128), array([[-1.1805182],
       [-0.57183433],
       [-0.5715868],
       [-0.58948348],
       [-0.30322926],
       [-0.57561349],
       [-0.008907758],
       [-0.5829586],
       [-0.3245633]], dtype=float128)]
final_costs:  [0.45696004473432499308, 0.59802319142769088924, 0.30718597029287243136, 0.16606083854566692327, 0.17232535645624953092, 0.10370072591376961604, 0.61908653594533483784, 0.13392641403580522714, 0.11103003394802084025, 0.074213113685989044933]
Accuracy on training data:  2.3 %
565.715108
