('Loading data from', 'spamdata/spamtrain.csv')
('Loading data from', 'spamdata/spamtest.csv')

Created a logistic regression classifier = <Logistic Regression Classifier Instance: alpha=3.5>

Fitting the training data...

iter | magnitude of the gradient
0 : 0.179375665084
1 : 0.0479097982404
2 : 0.0419597792338
3 : 0.0408325879658
4 : 0.03991397402
5 : 0.0390296801063
6 : 0.0381719043544
7 : 0.0373394324142
8 : 0.0365313230578
9 : 0.0357466846331
10 : 0.0349846718431
11 : 0.0342444840384
12 : 0.0335253617073
13 : 0.0328265825702
14 : 0.0321474578479
15 : 0.0314873289247
16 : 0.0308455644751
17 : 0.0302215580514
18 : 0.0296147260911
19 : 0.0290245062865
20 : 0.028450356255
21 : 0.0278917524514
22 : 0.0273481892706
23 : 0.0268191782948
24 : 0.0263042476496
25 : 0.0258029414399
26 : 0.0253148192418
27 : 0.0248394556353
28 : 0.0243764397631
29 : 0.0239253749078
30 : 0.0234858780814
31 : 0.0230575796215
32 : 0.0226401227936
33 : 0.022233163397
34 : 0.0218363693748
35 : 0.0214494204259
36 : 0.0210720076228
37 : 0.0207038330327
38 : 0.0203446093441
39 : 0.0199940595001
40 : 0.0196519163373
41 : 0.019317922233
42 : 0.0189918287603
43 : 0.0186733963515
44 : 0.0183623939702
45 : 0.0180585987931
46 : 0.0177617959011
47 : 0.0174717779798
48 : 0.01718834503
49 : 0.0169113040878
50 : 0.0166404689543
51 : 0.016375659935
52 : 0.0161167035888
53 : 0.0158634324858
54 : 0.0156156849749
55 : 0.0153733049601
56 : 0.0151361416849
57 : 0.0149040495263
58 : 0.0146768877956
59 : 0.0144545205488
60 : 0.0142368164027
61 : 0.0140236483605
62 : 0.0138148936426
63 : 0.0136104335258
64 : 0.0134101531885
65 : 0.0132139415617
66 : 0.0130216911875
67 : 0.0128332980822
68 : 0.0126486616054
69 : 0.0124676843352
70 : 0.0122902719475
71 : 0.0121163331008
72 : 0.0119457793262
73 : 0.0117785249208
74 : 0.0116144868467
75 : 0.0114535846334
76 : 0.0112957402842
77 : 0.011140878187
78 : 0.0109889250284
79 : 0.0108398097107
80 : 0.0106934632737
81 : 0.0105498188178
82 : 0.0104088114323
83 : 0.0102703781245
84 : 0.0101344577533
85 : 0.0100009909644
86 : 0.00986992012872
87 : 0.00974118928261
88 : 0.00961474407119
89 : 0.00949053169333
90 : 0.00936850084896
91 : 0.00924860168848
92 : 0.00913078576412
93 : 0.00901500598309
94 : 0.00890121656265
95 : 0.0087893729868
96 : 0.00867943196471
97 : 0.00857135139065
98 : 0.00846509030546
99 : 0.00836060885948
Generating probability prediction for the test data...

The probabilities for each instance in the test set are:

0.74904009565
0.214363424652
0.1872658457
0.116649572668
0.581450632307
0.131991800185
0.184935320486
0.4389452959
0.74904009565
0.680295953823
0.548446597565
0.414284358979
0.447428050621
0.727503743808
0.285675857965
0.214163174656
0.403457187375
0.231815700943
0.648169204061
0.771170914173
0.20035196561
0.575676205308
0.284190389703
0.586137989111
0.188127833044
0.141636916149
0.0856200213226
0.20158517354
0.00626689472846
0.155438245697
0.369049529493
0.493033172275
0.823603275796
0.396452647589
0.260130588965
0.320904916706
0.288852603943
0.307291521499
0.649771653861
0.231051860839
0.660742713427
0.220794264919
0.277763160808
0.429230993858
0.744512287998
0.103727334812
0.268156308897
0.348450374302
0.125670114301
0.242348628485
0.317213598938
0.568990827825
0.19156725398
0.0879055423856
0.389530651252
0.162337908137
0.493033172275
0.503274606295
0.668494088512
0.410125812391
0.48333728161
0.557787516632
0.438368370413
0.17643474401
0.753733216917
0.103412000132
0.651330117396
0.514507249078
0.278549459122
0.208188219171
0.214501872647
0.712823094542
0.62782282209
0.765428142773
0.1349960456
0.751476420444
0.116649572668
0.616801658235
0.0111122516701
0.792685326469
0.24293260569
0.835041504321
0.0577479218076
0.59130482443
0.220262642262
0.212235688667
0.259799425602
0.471750881571
0.180484109425
0.214523883891
0.697713083471
0.303920580606
0.599711755115
0.258429601083
0.326841352767
0.149870909118
0.372098391128
0.21426450053
0.048977258294
0.210647023841
0.289389188438
0.509435899828
0.232289266444
0.538770610245
0.675548371712
0.275929306662
0.301133917481
0.400501647387
0.72759422249
0.533995201753
0.209067866096
0.498719959799
0.683757181365
0.317557230848
0.481698979464
0.549913361709
0.683659112342
0.437872453935
0.255588485772
0.7711582544
0.176091103405
0.391971607784
0.551802932514
0.161783742445
0.73135363898
0.684964081891
0.475595890475
0.330619271729
0.39229435022
0.0774821977832
0.217653626636
0.215736520318
0.602468411949
0.508045587438
0.299496978728
0.172405572928
0.71290149669
0.224740935691
0.689224050915
0.300525331664
0.0577479218076
0.622189758487
0.242830658285
0.306428459319
0.153458912639
0.50629894124
0.539263744232
0.499196026863
0.817259956029
0.245373369422
0.207378515623
0.0504316364141
0.353723619649
0.276299099832
0.29501835557
0.515547577026
0.285222035201
0.223439340122
0.255507107538
0.885152718492
0.77970029504
0.594041063114
0.240484368961
0.287229287572
0.0976988100195
0.188127833044
0.7178393913
0.188127833044
0.230406964347
0.186655362164
0.181770493665
0.571655344347
0.400613186081
0.248295580048
0.265028010019
0.214250821573
0.654232538753
0.49150223625
0.231876573561
0.402024158198
0.441245860289
0.473101027386
0.12917502308
0.206061344289
0.155268231977
0.248891818132
0.790041998693
0.175354648995
0.550211854355
0.181370750333
0.398028683182
0.438368370413
0.225916182478
0.164444729361
0.229398736372
0.214237143251
0.668221526255
0.0928762017207
0.507878911721
0.372077485536
0.214473764915
0.721568502926
0.296948432847
0.827156715033
0.26749816709
0.318299432003
0.248261495607
0.610890228244
0.610890228244
0.261116726071
0.732589095298
0.244034212838
0.264207305901
0.184514064627
0.133960930002
0.214511539185
0.452842101786
0.0645538063858
0.334706088347
0.555286177295
0.665718814254
0.188127833044
0.702771643513
0.557122291724
0.20009718522
0.455158051985
0.310030140409
0.20320272652
0.532981283611
0.21453957788
0.372257278122
0.800607239434
0.134716342191
0.321663305974
0.297989285305
0.317242555606
0.744978393169
0.168675222618
0.675633498745
0.341235732122
0.465651901399
0.16454193221
0.283614110611
0.139794781674
0.528966460966
0.402324668821
0.351220394399
0.116649572668
0.337764645984
0.292777079793
0.501036594517
0.822946832361
0.545501787726
0.233987941613
0.206376091543
0.227824812836
0.434262283788
0.422949161962
0.240448379623
0.410453149743
0.152183202325
0.677525804223
0.214590598011
0.214531341205
0.732317804096
0.203890038693
0.264948688732
0.621247016051
0.13397329488
0.241466971754
0.224673258859
0.720155039659
0.11937096981
0.766274304909
0.248261495607
0.510184725203
0.204251824553
0.492482573167
0.0923433548138
0.219844036848
0.470886569217
0.153458912639
0.3586693961
0.305206554447
0.549142735377
0.563616643695
0.378419541036
0.188438772724
0.160427613626
0.187347567616
0.583476570166
0.108960206558
0.274402777971
0.489782040598
0.184865785644
0.325133557705
0.0988548188866
0.709170921021
0.436341928174
0.546249815083
0.547755777314
0.57477810914
0.339861777974
0.515116292228
0.220978593642
0.594380630556
0.240713156269
0.123607947681
0.116649572668
0.645771146973
0.454385350706
0.319304630837
0.18994240126
0.433903611889
0.389155078123
0.23192392723
0.639024694354
0.0869999373065
0.493315619287
0.484631940686
0.18829960241
0.192095996626
0.761721395308
0.201644281154
0.206825722708
0.224989180747
0.584511458192
0.775523638578
0.540307404574
0.202978787425
0.169551603602
0.24201098108
0.590082706277
0.585719578097
0.0993097831608
0.225112609378
0.657749694385
0.437271276863
0.159329368827
0.663782391777
0.783787353988
0.223699375345
0.6989127447
0.188127833044
0.304191825432
0.640196956337
0.233721329029
0.225754269071
0.148677397323
0.222457965232
0.257600031681
0.130968300245
0.211799145948
0.216728647312
0.288056086487
0.219606188775
0.00522316704946
0.401775460501
0.27649145912
0.207567988566
0.423743491851
0.116649572668
0.413022229
0.471692728828
0.0719686950818
0.0922214367777
0.540320525925
0.72804053311
0.387241925167
0.0846540760519
0.206851418051
0.308454048735
0.397611136022
0.156054139601
0.257323110171
0.0992207045746
0.271475483455
0.622334583165
0.129939372837
0.208092711596
0.456858930046
0.652107171234
0.489374777529
0.0798679631081
0.282360354581
0.28489420431
0.663193420074
0.692218790988
0.205527298982
0.409803825466
0.321568353849
0.296517135357
0.091696418776
0.214660672849
0.783725514274
0.2037700925
0.406865718037
0.755704424753
0.179368745437
0.274447437671
0.14006800995
0.186627696311
0.279214673818
0.601852142539
0.194199918629
0.692867183403
0.378362596893
0.630850222397
0.403465827078
0.214329114447
0.669987833831
0.19650082249
0.123497712453
0.695505485745
0.548353169295
0.451834702905
0.752817865226
0.220921829018
0.439454489455
0.204533185448
0.294374610146
0.549174242144
0.250852653127
0.592254610449
0.401412975531
0.0850493456254
0.773167897103
0.225861113113
0.214237143251
0.246867762614
0.319878380891
0.209308134946
0.321016365354
0.192216563094
0.214237143251
0.547874246222
0.447403039531
0.214817534156
0.300063495903
0.626027302215
0.214423142068
0.699537478361
0.135641933116
0.651191374915
0.511746089225
0.214329114447
0.327934622296
0.317242555606
0.18992137433
0.699537416986
0.264612215226
0.640056108465
0.537100778689
0.241264197457
0.295037337038
0.496492151897
0.356482422867
0.415206091643
0.263239795147
0.214237143251
0.5112778048
0.323177525573
0.184552394301
0.210045320447
0.214529527094
0.4844176197
0.116649572668
0.765487027737
0.444233145969
0.798501810533
0.0718633151746
0.303517494787
0.195710810365
0.502847295344
0.594237069204
0.0257301983784
0.193433018034
0.231945203835
0.299140208427
0.0447274770535
0.73470765941
0.402570450396
0.717003882874
0.573309790702
0.248759468759
0.626807289189
0.212127932788
0.237573964159
0.274200017851
0.437207491879
0.520502450662
0.694700962339
0.267548036831
0.614001626055
0.116649572668
0.515027094791
0.531367859434
0.365038539008
0.731637334868
0.209874310338
0.435172453489
0.180373688308
0.139769776072
0.912010726182
0.482873750451
0.21576389275
0.52658078457
0.783787353988
0.435523837127
0.354090149029
0.402726895742
0.504168585558
0.386611459482
0.162700702257
0.369552620676
0.719138924145
0.210907804606
0.825070624443
0.743111868766
0.17754021177
0.462966613647
0.718355203295
0.819132169735
0.247375736937
0.167000561457
0.175164527254
0.727224011654
0.298226183619
0.275016606669
0.182315153705
0.202005756142
0.260089069637
0.200099334058
0.190912557373
0.219532014619
0.350705204181
0.692028367406
0.19080153631
0.221933333355
0.508737968081
0.215429563486
0.209732344955
0.762173594161
0.116649572668
0.593854437018
0.674167664333
0.43190896904
0.237024439623
0.769187613107
0.176564012291
0.288050546947
0.42368566206
0.434726442182
0.342926889078
0.126895957236
0.396955185183
0.100561978549
0.595511787477
0.558908137099
0.789849111192
0.17913398739
0.224909691189
0.27315834537
0.159031944262
0.614288583017
0.327623896194
0.692867183403
0.45504850085
0.246584648768
0.564937048937
0.446520870366
0.262657460047
0.502280676402
0.0518221114334
0.393882651734
0.367951722397
0.181788090515
0.678239081376
0.618219251504
0.261640770182
0.200910572626
0.126228420836
0.303224205796
0.256512015936
0.281274278193
0.743305765039
0.23488943492
0.432686762569
0.74904009565
0.291615762528
0.473001877137
0.199528251776
0.294364854168
0.361037775639
0.177339909381
0.116649572668
0.289513060312
0.773866524129
0.657103242629
0.228028244145
0.58396243991
0.614782874121
0.604044703958
0.19692617043
0.230871153572
0.68813732338
0.855439805511
0.307480134753
0.694036853317
0.319892918502
0.432438739466
0.416938920575
0.188656712679
0.314756665385
0.46156695082
0.298503411909
0.399038354032
0.657366435752
0.327507735146
0.0215468260821
0.519411976796
0.639332907165
0.21438704313
0.745551380789
0.776131960238
0.0891609981206
0.429086885307
0.17852205363
0.400381292847
0.118203685789
0.24838850541
0.767827621008
0.214739960229
0.731906162217
0.275636011896
0.789155981858
0.321016365354
0.114674105774
0.421559377477
0.188127833044
0.188127833044
0.257795670954
0.140286567754
0.160557383583
0.517769188676
0.211749104519
0.472891127485
0.168840545383
0.396668925167
0.935277528938
0.154117594082
0.490750432513
0.267576231283
0.225238908122
0.778748641969
0.687419310458
0.193908775116
0.274488167411
0.575869370892
0.540878781738
0.863593333323
0.214209788513
0.323429270332
0.268494347698
0.635296768763
0.327281843025
0.331679612317
0.878988300191
0.0993419050068
0.32484287767
0.570007200879
0.312180155969
0.129959737143
0.878988300191
0.116673702989
0.639440140589
0.573264101346
0.284859810291
0.288387384071
0.510596558631
0.298806647648
0.553713602583
0.668494088512
0.622343752186
0.248462003019
0.179081743941
0.573343441541
0.317242555606
0.510051861582
0.438777672254
0.604627646079
0.116649572668
0.250030086024
0.778748641969
0.205125979206
0.631193223952
0.267885696014
0.200759000638
0.475234029877
0.227820685426
0.388269760271
0.305498238628
0.593039877216
0.188558635774
0.520681112601
0.385680977737
0.264253169856
0.512591598591
0.366480194182
0.170101225412
0.597527408169
0.0697531903553
0.304373828281
0.364004621407
0.696511882742
0.626807289189
0.83066687972
0.205384678603
0.243199478133
0.476427042849
0.509941901706
0.210969450351
0.528506294434
0.339045160893
0.371053293234
0.426235606191
0.189005382184
0.180295331867
0.30741882064
0.177526598336
0.647202846482
0.256749050015
0.380293998026
0.535819556385
0.65438727322
0.62186629273
0.334323016042
0.329812965706
0.139739790479
0.751728616559
0.243342198941
0.253079151976
0.20269398538
0.794462124329
0.255879190211
0.317242555606
0.573739985438
0.599566973713
0.956500366321
0.69723036077
0.262457618473
0.230213426084
0.395382612828
0.35869456706
0.548592446457
0.141035760559
0.230322418729
0.265350775
0.667013496031
0.630414179154
0.61893040176
0.39052791975
0.142921384879
0.701226728654
0.64441655661
0.239749519597
0.056497215347
0.485559337051
0.557822324926
0.207976494215
0.287362081413
0.39052791975
0.292578609083
0.214237143251
0.220024484298
0.195915553579
0.351694752044
0.438669865873
0.0941258685032
0.538133994999
0.423578852492
0.272808889894
0.200058052313
0.390760285777
0.632095237369
0.684855359967
0.466456427035
0.204003214133
0.499188714301
0.45442917403
0.285201870056
0.31682175067
0.542563671879
0.342444357583
0.116649572668
0.836333400442
0.0901256838115
0.67021054304
0.280460659091
0.249398414036
0.379135798137
0.339854401201
0.12019861515
0.161938716058
0.186403601159
0.214250821573
0.544762587666
0.373504992844
0.072008105498
0.55593684958
0.704601419961
0.699729951946
0.572225664555
0.214874439894
0.210678930185
0.601852142539
0.716366217302
0.729292773253
0.459694465919
0.393710689589
0.440391060987
0.238467838549
0.238410712687
0.253138413786
0.317213598938
0.278790489486
0.59913365266
0.233364246152
0.576202933621
0.158748513076
0.116649572668
0.291985427748
0.143805685634
0.397948915331
0.224451093754
0.116649572668
0.144737581637
0.283305261896
0.353055781873
0.281985025087
0.295443319519
0.666376495019
0.109644705886
0.378243899456
0.321865631793
0.235759031373
0.622577054187
0.242971991773
0.203660062699
0.214209788513
0.72593347623
0.277429340689
0.377169761956
0.365166213978
0.386856931689
0.0869999373065
0.117714051267
0.438368370413
0.243516193947
0.523052256517
0.304905160745
0.210125694345
0.773726604499
0.460635958316
0.435722303929
0.489523908008
0.257980635471
0.408334844906
0.164491639659
0.391755753669
0.1092495697
0.273342744328
0.653178633236
0.730723735398
0.646286615891
0.205102210826
0.306024547103
0.4394563281
0.249141814792
0.257766287685
0.238122680225
0.130401790928
0.216021983199
0.595037355816
0.18284769831
0.34620841984
0.215221540102
0.144365233666
0.406406272821
0.425438552241
0.783787353988
0.594477482734
0.0507467745333
0.169180866882
0.344901393832
0.271276614744
0.423184960168
0.817130106585
0.128123427734
0.159242239325
0.0993419050068
0.387854254834
0.172561926989
0.00522316704946
0.600773975822
0.135806405214
0.207907310314
0.816528665976
0.281968190726
0.276992933077
0.300668109465
0.712622039005
0.185691070971
0.792240749667
0.205337490898
0.624075223019
0.263152194314
0.148177291958
0.207154545939
0.496847676208
0.695665662316
0.499279509389
0.137350863583
0.187833171828
0.201110833612
0.708739836801
0.393934517858
0.16417122871
0.597794915813
0.384775112588
0.563555148283
0.554933315568
0.150045455175
0.253546655066
0.339076813943
0.260657700376
0.271915680826
0.282504982822
0.622428494231
0.373658181473
0.793642818553
0.0973532845899
0.214420512387
0.533708716418
0.44183677977
0.139785011174
0.263966421734
0.172529735854
0.256661315775
0.697516973477
0.0656488137661
0.154832865765
0.600639627408
0.274040656898
0.306316350583
0.610212879436
0.794654369631
0.116649572668
0.386565043071
0.530087818025
0.518555545151
0.578072756413
0.212056674739
0.264531632401
0.509658041173
0.476393455112
0.482494314009
0.254250186242
0.754772622177
0.731786474031
0.354331717639
0.752716022329
0.604305128097
0.710769260756
0.0761507130492
0.778927449757
0.63160820152
0.304272254314
0.602006212471
0.523846465141
0.878988300191
0.664836227376
0.6103048882
0.182721320524
0.197004563555
0.171070083264
0.682026786074
0.391688726393
0.610890228244
0.198434157034
0.437285984065
0.496306983248
0.359864677965
0.136097867482
0.106452017306
0.292736355718
0.599566973713
0.674994526432
0.266245803041
0.539480769599
0.30971339456
0.186675519919
0.325105152281
0.230769417132
0.256020372252
0.333160151597
0.582174302779
0.620138771018
0.268447462364
0.386917618312
0.386878455028
0.49905141685
0.179612963519
0.566711368689
0.273213741949
0.914320623448
0.531116986407
0.178150065421
0.169681693934
0.473001877137
0.233875817323
0.631971103133
0.414007539182
0.265348351382
0.116649572668
0.441627675465
0.116649572668
0.552227094641
0.24089163125
0.26006102642
0.724169283836
0.195612104213
0.291076682085
0.344968229213
0.116649572668
0.429878141462
0.528292648866
0.493056627827
0.72069740265
0.692157575691
0.182743371703
0.508293528327
0.403855871253
0.536093150771
0.18292821505
0.761906797908
0.106462298215
0.188127833044
0.457076106768
0.652399723585
0.392886993624
0.223083289402
0.201910110654
0.134911201378
0.259537487413
0.562924834784
0.299272337381
0.25693745094
0.195528972397
0.422768822838
0.656626391567
0.239438786414
0.622646972785
0.235041253912
0.679913683744
0.281250952499
0.210610970829
0.300525331664
0.412961039836
0.43268618521
0.61512594936
0.665811412318
0.222257301891
0.0302886461954
0.213129411689
0.153758315791
0.256020372252
0.2160073242
0.227947327679
0.137490250843
0.675615229387
0.214494925001
0.210624837945
0.482513333693
0.395612503322
0.21438011462
0.166357811667
0.119622247599
0.785449824205
0.27370240465
0.188874420179
0.452361360488
0.513560813565
0.321762697629
0.779913067672
0.544071818413
0.300233133093
0.603679208962
0.51087472392
0.188127833044
0.253531923398
0.53613610373
0.233186050706
0.655867844174
0.231196709166
0.462186642699
0.786613671215
0.257110319426
0.188201027527
0.397899929036
0.579746400588
0.0864903286616
0.6220462642
0.184857667353
0.188127833044
0.825769384591
0.213015102194
0.121663122916
0.785627684577
0.672096670155
0.973616527959
0.685953512174
0.2086953392
0.239575890803
0.0163144404071
0.202024540557
0.14691158506
0.400667871753
0.455595031137
0.269462442557
0.54974904336
0.362049248508
0.592869179741
0.653658639417
0.308173503498
0.408564476825
0.719993821754
0.652029772854
0.280706972259
0.816528665976
0.401678218237
0.176885886933
0.249547214965
0.445562807134
0.377139973468
0.500766080844
0.589068926525
0.04057941695
0.840799037828
0.353585102175
0.479683820708
0.271001137261
0.430789066617
0.380777272368
0.306309359144
0.387008615674
0.492242574316
0.240919337993
0.223020013619
0.43067713873
0.12182259754
0.317039446719
0.18347204769
0.661937671324
0.244726196383
0.568136309091
0.20475203206
0.5088658224
0.331490608595
0.261735004342
0.193029846875
0.201164835716
0.109158460468
0.792727851703
0.588828083109
0.496266481936
0.318714357066
0.834586491842
0.770435148054
0.410652285085
0.529367743044
0.505013549639
0.23992873107
0.134820922584
0.214362272168
0.648681923664
0.231745007232
0.761538309703
0.258486356005
0.547320177433
0.269598782697
0.579583697197
0.208264501587
0.0752982005353
0.308713399486
0.104746100016
0.714732253303
0.209926037251
0.480910857168
0.456753569502
0.615592885727
0.542003577924
0.116641200477
0.220010831736
0.437356976644
0.351176248206
0.116649572668
0.796386501872
0.871409319325
0.285030947748
0.904057429919
0.436938166672
0.127376166375
0.427530026391
0.619022922386
0.188127833044
0.503244538621
0.256697118738
0.285687434275
0.284170729223
0.764424451678
0.15620023648
0.219300941596
0.610034148985
0.639643463819
0.262844047341
0.200269301295
0.415672502748
0.279263251912
0.182066582854
0.660084410642
0.567426826899
0.613680427859
0.376131915358
0.194638920168
0.206501060592
0.292482894304
0.21359535944
0.558768039578
0.29213761311
0.513067773769
0.189989974134
0.125596505008
0.176586389757
0.233658926381
0.281005052767
0.571149987401
0.132516542288
0.573690650356
0.162178173235
0.210170568563
0.445776077325
0.208478297856
0.11670941756
0.31625429458
0.301721821762
0.235789038172
0.292919957823
0.288060655223
0.679605298288
0.393555990744
0.428968241987
0.580119781705
0.116649572668
0.108546277812
0.183110687417
0.297741124587
0.260586180402
0.116649572668
0.121135126463
0.205204731129
0.205750569731
0.199266574694
0.168706290579
0.251767073519
0.272069660132
0.652826229432
0.783725514274
0.182830236714
0.0795067494507
0.295410603578
0.136394071286
0.487980978066
0.416894609487
0.677404198177
0.275205830459
0.233117224101
0.187125251424
0.573916668284
0.756748680761
0.28839545312
0.783109676553
0.247732052351
0.0896181819753
0.340991839979
0.250501223158
0.294774925034
0.101749196159
0.238124965031
0.2129681126
0.607381960915
0.183557887846
0.321016365354
0.597385718081
0.590128132621
0.202499835115
0.411942806193
0.446002140094
0.741335270119
0.640468595844
0.383544704882
0.279003591602
0.239767143259
0.206986216878
0.200106145647
0.256671509086
0.214438373668
0.205437735771
0.542015032382
0.473741377851
0.391770960544
0.28833204325
0.0982745439434
0.65021570694
0.655623013024
0.27226291685
0.574581515158
0.770809114622
0.199875739031
0.168956410108
0.30665896904
0.285015852905
0.301277803868
0.116649572668
0.585691177922
0.622042038629
0.402804330276
0.273225819266
0.570337631393
0.394727596868
0.28488016845
0.342237413198
0.24044144813
0.221415941715
0.41682690237
0.229388766007
0.0588849489159
0.714957509743
0.497925330189
0.649488303697
0.377345711457
0.45304771888
0.185599101894
0.203283412338
0.182474942201
0.279562222568
0.261640770182
0.257065092042
0.0735689868422
0.460951150009
0.668494088512
0.111420637141
0.601471757879
0.49966544433
0.179155744522
0.396589898169
0.221947472671
0.156128344247
0.483769153682
0.453009588279
0.353756931037
0.716344415535
0.361116813488
0.225856604924
0.00856608710813
0.371953501816
0.215183158634
0.188127833044
0.187010558411
0.518412402381
0.232221834469
0.11051630858
0.186120708745
0.35408005805
0.109104665109
0.00737912919916
0.361151860658
0.232230407408
0.517882652619
0.1753458952
0.578673641078
0.368817670708
0.728630526637
0.206749721884
0.321747042112
0.588647834987
0.275423434678
0.113192947709
0.54958006316
0.214237143251
0.541444737336
0.296798999523
0.236179823259
0.214250821573
0.236197179561
0.777916553926
0.378969647232
0.769014548152
0.0711128322375
0.255507107538
0.169635532269
0.547962214763
0.235310451641
0.189850639729
0.632070425635
0.196687600053
0.285529934638
0.264108486039
0.48088759446
0.356210421915
0.217867664941
0.243929419573
0.0447289963703
0.217094988101
0.115835591938
0.814038915967
0.680680164006
0.375982435906
0.588962628292
0.225991619573
0.900433648565
0.201504174823
0.623420618209
0.0993097831608
0.309092048451
0.180635811183
0.26581587021
0.131991252997
0.586068006409
0.702382250301
0.572225664555
0.286256369353
0.0752982005353
0.699443777236
0.263690586678
0.305669776294
0.442138320861
0.248464672509
0.153137490275
0.441617085762
0.456936647678
0.190495312301
0.125596505008
0.118189848672
0.130106171147
0.399445227485
0.0922163071459
0.1313068477
0.116649572668
0.833492999349
0.770898086711
0.407536888737
0.205991669769
0.205602232377
0.226319768057
0.712320691785
0.353229402617
0.282946843133
0.684523286387
0.444189820849
0.832859711908
0.40849937506
0.283380838136
0.279598020885
0.279598020885
0.13793515479
0.865909229977
0.646673624223
0.188127833044
0.373087291694
0.484046027416
0.290569495127
0.188127833044
0.776508078091
0.266362996547
0.654560350638
0.264102814705
0.250030086024
0.5996075745
0.256909111765
0.878988300191
0.143132037782
0.116649572668
0.188127833044
0.214739960229
0.225133796886
0.153458912639
0.205511911287
0.212467035259
0.3449350681
0.59240869817
0.387445923946
0.246920493316
0.561372008829
0.344432047032
0.695567561649
0.546717026981
0.160383054476
0.565420464165
0.179143535512
0.654253571219
0.320573388779
0.214278180122
0.761716656359
0.214250821573
0.215208707279
0.743111868766
0.0907666003629
0.574738391121
0.625157431774
0.316011886972
0.33083971443
0.344263715954
0.428439519845
0.395031255959
0.209064417994
0.591160437491
0.337635824617
0.47263654104
0.31838969955
0.204705893023
0.248401892907
0.188127833044
0.69222218592
0.59915615027
0.728637557432
0.116649572668
0.68584061294
0.339051146965
0.522669643038
0.483920787689
0.545359960212
0.228169406601
0.291110105894
0.20648805414
0.288582847077
0.512742503987
0.511281186062
0.370320384728
0.691291753809
0.0869999373065
0.407495693146
0.574738391121
0.160229504069
0.376533107334
0.352449208669
0.142238915975
0.172583437608
0.182560873502
0.626807289189
0.156350870045
0.714146699601
0.330430543949
0.262995653148
0.593854437018
0.439830462107
0.662493430486
0.574109148449
0.0938705247306
0.246467525224
0.116649572668
0.225936679947
0.540411111251
0.587300341667
0.187700380878
0.26902126529
0.727589383182
0.111813181796
0.407159930534
0.462294521566
0.214433429126
0.243562805032
0.21429186035
0.43429284009
0.214209788513
0.270020532854
0.193432354478
0.260882210915
0.614591821082
0.179202906315
0.641728985786
0.116675304692
0.562094585764
0.390143013656
0.41458738104
0.174045755501
0.363823427365
0.310274077931
0.303253395206
0.737327401592
0.553568702225
0.314914551497
0.180423050808
0.195890923647
0.281569537245
0.199434729741
0.220957289702
0.743111868766
0.214554669045
0.178277112103
0.2069811974
0.170751037153
0.18007784238
0.413285460107
0.657016796405
0.392415502636
0.188432534795
0.332203364377
0.116649572668
0.210655111242
0.782832256676
0.386019100579
0.977507231104
0.220314025957
0.675673185809
0.355942083713
0.18210504821
0.363434497622
0.374379521932
0.271160284286
0.179200025345
0.41022988074
0.206054052504
0.773628922616
0.568527371302
0.223047113284
0.208509520123
0.103689646268
0.133797875957
0.465294693451
0.370056532512
0.196842267164
0.108009654705
0.174065072337
0.215010382577
0.427320096641
0.296768575877
0.0526194990669
0.465008599921
0.165069409168
0.512310199179
0.231195589384
0.228407969148
0.196599242263
0.31380155142
0.199313371616
0.367303199963
0.214362272168
0.303966775426
0.540378633905
0.650713004646
0.240198513106
0.168079742817
0.341021094562
0.529318802403
0.107825288785
0.157756451338
0.736000649041
0.825165392816
0.129718558051
0.202635917222
0.231469917924
0.511162748849
0.214237143251
0.572411795156
0.526491900811
0.444997236164
0.878988300191
0.54836293117
0.289765939212
0.186678015729
0.198829091138
0.758421909266
0.116649572668
0.180217295513
0.360241916823
0.374907741957
0.457713154334
0.619241000832
0.476295915773
0.20906462469
0.24276592245
0.524776475257
0.164364892875
0.249981769712
0.108135008715
0.308176842452
0.401425741991
0.393555990744
0.357150853614
0.25964764594
0.356464624567
0.217376360761
0.757149269027
0.442173710318
0.386246185069
0.216561679594
0.264616142728
0.293084964128
0.751938735955
0.207695162638
0.283655757002
0.592960396502
0.804320314439
0.275319647408
0.255014893204
0.205339230374
0.593899108557
0.700386484453
0.796013014435
0.45369180537
0.624075223019
0.375982435906
0.680787127926
0.41252900951
0.283094881529
0.499880446514
0.462375279623
0.230180576695
0.763670696935
0.129546677736
0.16810516872
0.108397369678
0.532724253298
0.220098480092
0.330043618974
0.191766328712
0.258082848342
0.244775655974
0.212598956799
0.762788199397
0.59514880257
0.300466659699
0.214473764915
0.81381024816
0.529889586233
0.647137338873
0.209336253385
0.189324809585
0.2783305421
0.423167600793
0.224062076405
0.234059342074
0.398246278144
0.337420033354
0.388871056798
0.612489466414
0.67543214459
0.675835029317
0.604698919034
0.214250821573
0.766451926048
0.447071559809
0.230799581071
0.372839042217
0.229925311508
0.633517261408
0.752461162087
0.315863874988
0.637811093916
0.505013549639
0.639860737082
0.578673641078
0.212477498363
0.555426861711
0.719053400925
0.119318187368
0.232554956714
0.785615131033
0.188127833044
0.212014965012
0.17387613255
0.367873422
0.66103769173
0.252950900722
0.116649572668
0.482981233564
0.375603362613
0.288779636769
0.583108893503
0.191944014636
0.042448312598
0.723792005974
0.493143546265
0.314602185025
0.782389304319
0.526638821449
0.218145837351
0.222492698698
0.240147495348
0.370589359903
0.250897627439
0.609617113475
0.615671416544
0.238520823976
0.366968288277
0.236343731996
0.292320249758
0.236069551143
0.833492999349
0.220583233351
0.41180034292
0.660634550462
0.62330669374
0.375674304326
0.454382346205
0.268089151549
0.496946134945
0.165683556074
0.189932805436
0.476009264032
0.196487415924
0.447151462593
0.573739985438
0.336572874187
0.932581861998
0.64084443159
0.335726560007
0.36050198404
0.312809543313
0.628718159464
0.187187476136
0.19644000535
0.682973225006
0.422675815781
0.43292409328
0.0490501153114
0.219003418525
0.951296779014
0.6103048882
0.302361771009
Accuracy:  0.76371537208
