errorRate:  0.04522613065326633
accuracyRate:  0.9547738693467337
Confusion Matrix:  [[  8.   0.   0.   0.   0.   0.   0.   0.   0.   0.   0.   0.   0.   0.
    0.]
 [  0.   7.   0.   0.   0.   0.   0.   0.   0.   0.   0.   0.   0.   0.
    0.]
 [  0.   0.  14.   0.   0.   0.   0.   0.   0.   0.   0.   0.   0.   0.
    0.]
 [  0.   0.   0.   7.   0.   0.   0.   0.   0.   0.   0.   0.   0.   0.
    0.]
 [  0.   0.   0.   0.  14.   0.   0.   0.   0.   0.   0.   0.   0.   0.
    0.]
 [  0.   0.   0.   0.   0.   8.   0.   0.   0.   0.   0.   0.   0.   0.
    0.]
 [  0.   0.   0.   0.   0.   0.   8.   0.   0.   0.   0.   0.   0.   0.
    0.]
 [  0.   0.   0.   0.   0.   0.   0.  29.   0.   0.   0.   0.   0.   0.
    0.]
 [  0.   0.   0.   0.   0.   0.   0.   0.   4.   0.   0.   0.   0.   0.
    0.]
 [  0.   0.   0.   0.   0.   0.   0.   0.   0.   5.   0.   0.   0.   0.
    0.]
 [  0.   0.   0.   0.   0.   0.   0.   0.   0.   0.   9.   0.   0.   0.
    0.]
 [  0.   0.   0.   0.   0.   0.   0.   0.   0.   0.   0.  16.   0.   0.
    0.]
 [  0.   0.   0.   0.   0.   0.   0.   0.   0.   0.   0.   0.   4.   0.
    0.]
 [  0.   0.   0.   0.   0.   0.   0.   0.   0.   0.   0.   0.   0.  29.
    0.]
 [  0.   0.   0.   0.   0.   0.   0.   0.   0.   0.   0.   0.   0.   9.
   28.]]
64.89362198933911
